0.758210675187261 -0.647128664466677 -0.0779774064567945 0.2998795243832172 -0.9443891537024425 -0.14340090444013756 0.07314092155116733 -0.2239973460443839 0.9798508895989384 0.5114451835943638 1.0 0.0 0.0 0.0 0.0
-0.4871540665929449 -0.3893411151548655 0.9017412130234966 0.2806492329600621 0.848517703411224 0.39528448443264935 0.38997669752087516 0.44031976179688004 0.991811767751958 0.6900608453621594 1.0 0.0 0.0 0.0 0.0
-0.4097643687722281 -0.29738390797656483 0.988300294882574 0.25402062462159186 0.8908027522373572 0.45681551332364284 0.3760157270706125 0.45681551332364284 1.0 0.6440107952024591 1.0 0.0 0.0 0.0 0.0
-0.2121093989249437 -0.1341473154810796 0.9135080511084189 0.22463734592442455 0.7971912922542236 0.4244635726739395 0.5436804075720031 0.31112929481600565 0.9910525570112158 0.6630620523748529 1.0 0.0 0.0 0.0 0.0
-0.16018025228378857 -0.11153175463503767 0.9337404901676889 0.310523695905537 0.8795281639412527 0.46713708278190863 0.5060654721591358 0.4340073278657531 1.0 0.6388094491656237 1.0 0.0 0.0 0.0 0.0
-0.12852092219563552 -0.08562375209326016 0.9249801768347752 0.2981207919552972 0.8582958895767976 0.4175968066258405 0.5193174293487448 0.39814722284226367 1.0 0.6120926444616085 1.0 0.0 0.0 0.0 0.0
-0.11575339765044493 -0.09372695882902612 0.9464837459670765 0.33182760019411683 0.8422678828503308 0.5120928769365958 0.4845539743144741 0.4980096521910896 1.0 0.7289745380173909 1.0 0.0 0.0 0.0 0.0
-0.09888040880198998 -0.07563117086764357 0.9601561822125814 0.33730368763557483 0.880468546637744 0.4966789587852495 0.5161822125813449 0.48529501084598703 1.0 0.7243579175704989 1.0 0.0 0.0 0.0 0.0
-0.0863901674076308 -0.0652460254126796 0.9139703497275837 0.3462865688016679 0.8763323777334017 0.5183458693465004 0.5187716437886717 0.46726576449725327 1.0 0.6984704496043719 1.0 0.0 0.0 0.0 0.0
-0.08909661179717139 -0.06422298178657006 0.9561164869402643 0.34736390469897055 0.8793203390857268 0.5475824330340148 0.48162600198187194 0.424160052553508 1.0 0.6627766548158209 1.0 0.0 0.0 0.0 0.0
-0.0679269122936129 -0.04516937961510056 0.9237362423297945 0.3442076555955976 0.8579916236485828 0.4625479692217786 0.5187493912535308 0.3968033505405669 1.0 0.6071861303204442 1.0 0.0 0.0 0.0 0.0
-0.06191735693334899 -0.04102682560435624 0.9602841332224414 0.32183102036822625 0.9179205419930457 0.4250922739898784 0.5419436698321582 0.4621604163155997 1.0 0.6077852611666477 1.0 0.0 0.0 0.0 0.0
-0.05639173190378541 -0.03962529826383343 0.9236457245730396 0.3371602129605742 0.8422011641176151 0.48732362130026297 0.5342389198955416 0.4135144883875346 1.0 0.6603933122680398 1.0 0.0 0.0 0.0 0.0
-0.06227540070650677 -0.04025273842266699 0.9717108132408327 0.29417592031867085 0.9305629052274985 0.4407653426161739 0.567946965859991 0.4561958081211742 1.0 0.6516483711845116 1.0 0.0 0.0 0.0 0.0
-0.052414055593328096 -0.03553581650970219 0.9719738274324463 0.3110721470703577 0.8700604726413418 0.4792291824756802 0.5031723953933654 0.4002463325125742 1.0 0.6193600453134489 1.0 0.0 0.0 0.0 0.0
-0.04811159345163643 -0.03207992254541514 1.0 0.2992241872596378 0.9146093656433391 0.41566596138235723 0.5290577135481124 0.4544798860899304 0.9741240501949512 0.6097355849202231 1.0 0.0 0.0 0.0 0.0
-0.04379272051125431 -0.0259048334282084 0.9479402792051917 0.2567846066869806 0.9057966957046327 0.39808956313003147 0.5488157531116622 0.3807363228650954 1.0 0.586496171720766 1.0 0.0 0.0 0.0 0.0
-0.044603918047762106 -0.02887384478004038 0.9948924592591898 0.28785983614624977 0.9233868888878474 0.4181021250369093 0.5403213333270842 0.4589624509633907 1.0 0.612188673187696 1.0 0.0 0.0 0.0 0.0
-0.04182702533349923 -0.027185295072886837 1.0 0.3094026950792377 0.955461045500887 0.3960062177164019 0.5348153641203753 0.4677634221871951 0.9802049091115054 0.6162266038509051 1.0 0.0 0.0 0.0 0.0
-0.03709906451911681 -0.02653749317744842 1.0 0.38680737815335886 0.9619684713396723 0.4476578240098831 0.5537633970521557 0.5211854460865165 0.9492912951195631 0.6606343845077178 1.0 0.0 0.0 0.0 0.0
-0.04858033712285982 -0.03517936058886745 0.5939584470605634 0.8798784903838417 0.6245506188573703 0.5600512397808608 1.0 0.573956772415773 0.6634861102351245 0.6907632465490355 0.0 1.0 0.0 0.0 0.0
-0.03809678260313707 -0.03412337001021914 0.5342099573200624 1.0 0.5316441183487576 0.7767720094964824 0.8369789559340288 0.5022272395668687 0.641975194114864 0.769074492582568 0.0 1.0 0.0 0.0 0.0
-0.041818244946096664 -0.03347301140541441 0.7164074426535023 0.9971026883958842 0.6770975832193343 0.8033612383274849 0.9775372231804754 0.5281922222883086 0.7809879260096354 0.8370554035567717 0.0 1.0 0.0 0.0 0.0
-0.03751119566367684 -0.03462010279498696 0.5872650307379088 1.0 0.5724506518956701 0.849387148437241 0.8539238498982036 0.5358161296098574 0.6341772304049977 0.8271655801738831 0.0 1.0 0.0 0.0 0.0
-0.034359444301083765 -0.03451095565546866 0.5531534874959847 1.0 0.5344307737788574 0.9274494843461317 0.7474016423111802 0.524911139427895 0.6280443423644938 0.7659660785359089 0.0 1.0 0.0 0.0 0.0
-0.03631941366456691 -0.03261116820467903 0.5980312275160949 1.0 0.5759056633744779 0.8893721792919147 0.8192868689322657 0.4861952327113371 0.6398239597835939 0.8033283187411816 0.0 1.0 0.0 0.0 0.0
-0.030442439913918456 -0.030408990962618714 0.534586155632775 1.0 0.504721580819058 0.8208125511176984 0.7983898998206079 0.522166802980529 0.5893378761245893 0.7834818326005522 0.0 1.0 0.0 0.0 0.0
-0.03564763441419353 -0.02611703955776851 0.6987879948659861 0.9796582466181287 0.6440221757507109 0.758105614742697 1.0 0.47182974209466727 0.7211921935949623 0.7805098134716733 0.0 1.0 0.0 0.0 0.0
-0.02993275693664651 -0.02486863799065942 0.6366347847208599 1.0 0.5960247468843177 0.8710034092251013 0.8587955799442964 0.4601253793494982 0.6868001255777649 0.7754503790214727 0.0 1.0 0.0 0.0 0.0
-0.03181164104244621 -0.02251034816353297 0.7331686006240173 1.0 0.7125651487209405 0.8995581719725001 0.9314768251911325 0.3896227373713469 0.7975543878211326 0.7527585771630773 0.0 1.0 0.0 0.0 0.0
-0.03247265771472016 -0.0250821404503492 0.685357058363236 1.0 0.6360993555224657 0.861609311066407 0.9105351284924721 0.43236361488255104 0.7228867367181088 0.7724763249735844 0.0 1.0 0.0 0.0 0.0
-0.021925842921755055 -0.021982232208267397 0.5875541565975498 1.0 0.5570839621915594 0.9460911945124785 0.7094349342215116 0.4796628339900093 0.5969296010301622 0.7585823058602296 0.0 1.0 0.0 0.0 0.0
-0.03204575985239603 -0.02467098867719275 0.7102756740323013 0.9930084106920779 0.6935147626126824 0.856526703418038 0.9688725930778506 0.4710257407668026 0.7725304878766002 0.7846942259053854 0.0 1.0 0.0 0.0 0.0
-0.025985109426018213 -0.02183772684019848 0.550479350978539 1.0 0.5290434286098589 0.8570938508754663 0.8243828034672286 0.4117030194373362 0.6552771936698637 0.7237147783592348 0.0 1.0 0.0 0.0 0.0
-0.027784167685002872 -0.02194682310292585 0.7515650551718663 1.0 0.7172568865602922 0.9460871636103835 0.8863471461459078 0.482926887354132 0.7809720568389299 0.7794474874970231 0.0 1.0 0.0 0.0 0.0
-0.02282295980783199 -0.01963966479262292 0.5844991960551853 1.0 0.559509372033913 0.8550590206766212 0.8269004890615258 0.44022794192350256 0.6569696857168748 0.7575987069936596 0.0 1.0 0.0 0.0 0.0
-0.025003510837522155 -0.019685793084864112 0.7753351113132756 1.0 0.7753351113132756 1.0 0.8693443302748877 0.48897552769585273 0.8163134888093629 0.8047500836951135 0.0 1.0 0.0 0.0 0.0
-0.025004440042482815 -0.021054852601440674 0.6870423161322843 1.0 0.6820979762486257 0.9431400913379264 0.9120097808387493 0.5105103515178013 0.788401283747285 0.8318924439556086 0.0 1.0 0.0 0.0 0.0
-0.016918916988449717 -0.01674584318542434 0.4863304909798893 1.0 0.4734283144253169 0.8864608463197629 0.7082479277185347 0.45294771408613005 0.5843870327946395 0.726473857043065 0.0 1.0 0.0 0.0 0.0
-0.02759387140433802 -0.01944939863900141 0.7563782647983013 0.9671384166963356 0.7009000478711818 0.7838190911980276 0.9975879036118643 0.4340651149183611 0.7587903611864368 0.7910553803624345 0.0 1.0 0.0 0.0 0.0
-0.022210961655153464 -0.02140893589172064 0.484362837257802 0.3847567446429806 0.6235392395908732 0.7087411566314413 0.630383980689221 0.5672831739322542 0.9680578748743771 0.4646120574570378 0.0 0.0 1.0 0.0 0.0
-0.019334967032654048 -0.016986101155975267 0.5191606050002335 0.4213325883478835 0.6844491470314032 0.6692654013946381 0.594291760468947 0.5215074623061682 0.957425678567729 0.41131510095205503 0.0 0.0 1.0 0.0 0.0
-0.02255133619126812 -0.020540702559221982 0.5925368817833236 0.4715337622668487 0.6591660709256731 0.6637333463313185 0.628414137475358 0.6457947184853015 0.974373388791404 0.47409642338770824 0.0 0.0 1.0 0.0 0.0
-0.02062730445136682 -0.018500126291164626 0.592253382455726 0.4544390005766946 0.6236185068822087 0.6788202753199933 0.6115549974874076 0.5726613926457444 0.9348570492680746 0.4544390005766946 0.0 0.0 1.0 0.0 0.0
-0.02066613205807281 -0.020194718536746117 0.6307328994184549 0.5055454697077862 0.6461190286093527 0.7055651491894563 0.5973962861715099 0.7491591818969998 0.9846138708091023 0.5645256316062274 0.0 0.0 1.0 0.0 0.0
-0.02060373850601446 -0.01985425523162495 0.6353364710664506 0.5145302508955023 0.7037108827414912 0.7171211003030298 0.5720268306265984 0.7652364270373175 0.9949352287648118 0.5879694338057311 0.0 0.0 1.0 0.0 0.0
-0.01942794686841273 -0.01836551408745566 0.625336075560361 0.5388129103921498 0.6326347234390552 0.6677556895824154 0.6229031929341295 0.6896516332184981 0.98296982161638 0.533947145139687 0.0 0.0 1.0 0.0 0.0
-0.01767950503285794 -0.017506345175699402 0.5890332389299967 0.4791234174019826 0.6037106232539253 0.6968379515402582 0.6061568539745802 0.755547488835973 1.0 0.5451716468596617 0.0 0.0 1.0 0.0 0.0
-0.016574111370386793 -0.01634272030866126 0.5915300866317377 0.46875593144852135 0.640267974022269 0.6961994059376675 0.5776049759487287 0.7658249593527122 1.0 0.5360606330830646 0.0 0.0 1.0 0.0 0.0
-0.01672494686357408 -0.014652538287337973 0.6581441575105145 0.4559904841944193 0.5626909027894244 0.5669826408468497 0.5737901184546674 0.6868541700314744 0.9977801568669514 0.47818891552490533 0.0 0.0 1.0 0.0 0.0
-0.015879896085446887 -0.014650140192943537 0.5803634253177806 0.4554681469700744 0.6904320350704939 0.6618467902564118 0.6101736737924738 0.7283465753153427 1.0 0.4990369716638567 0.0 0.0 1.0 0.0 0.0
-0.014816901328091948 -0.013338364592788046 0.6210092354916672 0.4215994103502817 0.5733765164551008 0.6162722620649445 0.5547376263973139 0.6390531276911284 0.9917160488632059 0.4671611416026496 0.0 0.0 1.0 0.0 0.0
-0.015224969981630176 -0.014626060096969706 0.6152267268969437 0.42887043684780823 0.6630516534973236 0.7158199964500875 0.6108790062969092 0.7353847391502429 1.0 0.4897385252482917 0.0 0.0 1.0 0.0 0.0
-0.0138223370929345 -0.011889352946641289 0.6548801712854526 0.4152279834835826 0.6138971916256001 0.620142881782845 0.5556582205300202 0.6115148860649814 0.9956860021410682 0.4497399663550373 0.0 0.0 1.0 0.0 0.0
-0.014497695514901975 -0.011644645028166187 0.6461157965048494 0.39373912415232515 0.6182340107749285 0.608214398997871 0.5753389558058193 0.6017801407525046 0.9957104945030891 0.4216209098822461 0.0 0.0 1.0 0.0 0.0
-0.015713591038653593 -0.011998882866145658 0.6664284543508869 0.37077798247636595 0.6343542672692415 0.5653613841050154 0.6108331967427014 0.6295097582683062 0.9914468834448945 0.41140528611311694 0.0 0.0 1.0 0.0 0.0
-0.013592254369345521 -0.010327043211524122 0.7026334144141888 0.36454751232853894 0.5455735980836548 0.49647775804618755 0.58536208488739 0.6849495376428284 0.9958117382311857 0.42527730797634544 0.0 0.0 1.0 0.0 0.0
-0.015100851545366074 -0.01179111473788424 0.6658457691792768 0.38543278746524584 0.5943914053559776 0.5997958789351437 0.6259153893956684 0.6250150661668965 0.9852888074481443 0.3896359853372046 0.0 0.0 1.0 0.0 0.0
-0.01628339933196192 -0.01252765516043157 0.657895026118792 0.40204680612502885 0.6196597643320688 0.5549878532719218 0.6176473821327676 0.6415202878418744 0.9879257068041927 0.4221706281180411 0.0 0.0 1.0 0.0 0.0
-0.016478307878891194 -0.01546345957728562 0.6140887004273041 0.44850004025701307 0.6372855544999798 0.6952302153936547 0.5402805283778814 0.6593805318267922 0.9936735852529066 0.4759145041610844 0.0 0.0 1.0 0.0 0.0
-0.012595465791839209 -0.011800423420364798 1.0 0.4875469503744401 0.8142096886390009 0.41090844693802797 0.7886635208268635 0.919509424288763 0.7979530363949134 0.6686925039514142 0.0 0.0 0.0 1.0 0.0
-0.013036355164724131 -0.011732201631596285 1.0 0.45045058908963975 0.8226070768524797 0.40843647571259545 0.7689223764262565 0.92194230587647 0.8552847205901808 0.6885305648928907 0.0 0.0 0.0 1.0 0.0
-0.014425236261383593 -0.011903392103965635 1.0 0.37591149017047587 0.7186178673247411 0.43029627211611415 0.7611798705865449 0.915030198153325 0.8935949918454903 0.6194607310574648 0.0 0.0 0.0 1.0 0.0
-0.01357677505232936 -0.011049598622476472 1.0 0.34193001524858263 0.7543650247344996 0.3777020990251118 0.7877523029259269 0.9166681612581514 0.8616812760640872 0.6161826575353063 0.0 0.0 0.0 1.0 0.0
-0.012748274295401239 -0.009300994944603215 1.0 0.32305692680465514 0.8113785051680524 0.3050929749158982 0.7821870833488225 0.8103291217871863 0.8473064089455663 0.5363788554836434 0.0 0.0 0.0 1.0 0.0
-0.011055917351364488 -0.009254581447779815 1.0 0.392979133586015 0.8263669479369927 0.333636191741696 0.7384514785380016 0.8413480275208691 0.736253591803027 0.5929868264687195 0.0 0.0 0.0 1.0 0.0
-0.01264773214039143 -0.009169999798520007 1.0 0.2917187832085988 0.8024150422496859 0.29396406681939785 0.813641460303681 0.7587377742547958 0.820377311136078 0.5544169656720846 0.0 0.0 0.0 1.0 0.0
-0.011890754169785338 -0.009714239615036044 1.0 0.34688975340184025 0.8286550373378198 0.3167886113125383 0.8124467300589648 0.8169306644886319 0.7684527531592159 0.5946453075214791 0.0 0.0 0.0 1.0 0.0
-0.012397025353284269 -0.009725067742753828 1.0 0.30109239108646035 0.721198370357877 0.282810317011567 0.741765703692132 0.8564103911113445 0.7646182962857486 0.5387593540600734 0.0 0.0 0.0 1.0 0.0
-0.011460042596625735 -0.008632846306821424 1.0 0.2883436229160622 0.7677947775363818 0.2861108803923736 0.7365363822047409 0.8063398884118259 0.7878894602495795 0.5250143304270577 0.0 0.0 0.0 1.0 0.0
-0.010756592050351132 -0.008929596980110548 1.0 0.3376268397104531 0.7569437372334267 0.3640983138731492 0.8411711550238234 0.8742758159178377 0.8074801879076647 0.6095610742908767 0.0 0.0 0.0 1.0 0.0
-0.011379467070805194 -0.009382757500410583 1.0 0.3526188680395249 0.7784231176528847 0.3284867323383539 0.738934168323696 0.857199887245827 0.7784231176528847 0.5676142588317754 0.0 0.0 0.0 1.0 0.0
-0.0103150288451058 -0.009136044501154182 1.0 0.346621433285646 0.7913020007831937 0.3584792741502372 0.7818157280915207 0.8778527040193347 0.7865588644373572 0.6193517731712451 0.0 0.0 0.0 1.0 0.0
-0.011922716015821315 -0.009241924716711512 1.0 0.29796246262034254 0.7763882983830044 0.2798928301664439 0.8396320119716496 0.8219818037834029 0.8034927470638523 0.5803004697125087 0.0 0.0 0.0 1.0 0.0
-0.010125217286257305 -0.009264158283188002 1.0 0.32984476194496054 0.7683702495956689 0.31312921294670987 0.7659823140244902 0.8910096211719484 0.7564305717397755 0.6307246439134732 0.0 0.0 0.0 1.0 0.0
-0.011925862564042537 -0.010527791342682162 1.0 0.34676567541211306 0.6893279054024049 0.37561379848188975 0.7270523740321129 0.9392617415375266 0.786967706561649 0.6174942149900174 0.0 0.0 0.0 1.0 0.0
-0.011483776025073694 -0.009336962448973361 1.0 0.27905885735653585 0.7309951832156166 0.35438020605616316 0.7266911061470666 0.866565377213629 0.7934043007095936 0.5695840594836699 0.0 0.0 0.0 1.0 0.0
-0.011521208899809468 -0.009308978160074453 1.0 0.3062634942145486 0.8270946343899732 0.2976182259340473 0.8335785856003491 0.8012051032732503 0.7838682929874664 0.6153318352424715 0.0 0.0 0.0 1.0 0.0
-0.012325533603565721 -0.00920040306129533 1.0 0.2532683077410156 0.7221136913990468 0.2973772456141828 0.8478241643375732 0.815657265623897 0.8191533547200146 0.5686472135341608 0.0 0.0 0.0 1.0 0.0
-0.009944014617166649 -0.00813960341222921 1.0 0.3307945689423449 0.8157585713737144 0.3057741280177876 0.8180331569123105 0.8357525585106832 0.7975618870649455 0.6264906889598403 0.0 0.0 0.0 1.0 0.0
-0.008795366744108607 -0.007254488251884995 1.0 0.3290221405079659 0.8259093838943531 0.34333095827007387 0.7805981276476778 0.634276919432936 0.8974534727048928 0.8560635947456094 0.0 0.0 0.0 0.0 1.0
-0.008752105221077014 -0.007190303577864043 0.994956350375765 0.35092711429129025 0.8007758398427195 0.3988417857215223 0.8133849639033068 0.6384151428726824 0.9873908759394127 0.9107722225813697 0.0 0.0 0.0 0.0 1.0
-0.008519031095200049 -0.008640704369416767 0.986923942045307 0.3795128166607368 0.7730538916177312 0.4164780105617993 0.759852036653066 0.7465243846784286 0.8549053923986553 0.9709559190777366 0.0 0.0 0.0 0.0 1.0
-0.008035863864541705 -0.007443519187069806 1.0 0.3340775111212832 0.8115858317686789 0.3811810531791135 0.710313216344344 0.6708678368347696 0.903437738781448 0.9110959013297039 0.0 0.0 0.0 0.0 1.0
-0.00813966137594509 -0.007617440209050627 1.0 0.3610419424590218 0.8018869620913004 0.39865834206193945 0.791855922197189 0.709620578779392 0.9423215206088597 0.980458655920399 0.0 0.0 0.0 0.0 1.0
-0.007532945764768135 -0.007387594694171662 0.9450510324885203 0.3658280965178065 0.7623677681109338 0.4232428367507623 0.7754165727093328 0.7207555815942605 0.8641484439784463 0.9686828689638423 0.0 0.0 0.0 0.0 1.0
-0.008186582583468126 -0.006649398965026921 1.0 0.3354247791606518 0.8334719806592887 0.3669300801170025 0.8042170583426773 0.6054702159293726 0.9099848544104263 0.8822667886173116 0.0 0.0 0.0 0.0 1.0
-0.0059735056037695635 -0.007079586475993644 0.7943268671791062 0.41993244379144873 0.611713006891229 0.4816988965358778 0.6251404966182788 0.7556196869676937 0.7701573856704166 0.99731450205459 0.0 0.0 0.0 0.0 1.0
-0.007308912223569373 -0.006396091668989347 1.0 0.35238285460814045 0.8758129236806474 0.35468261528072104 0.7861222574500039 0.6536515027161995 0.8298177102290353 0.9020256553549048 0.0 0.0 0.0 0.0 1.0
-0.007407117426674906 -0.007230009810029494 0.9429064138517566 0.3466718824488501 0.7498776518480077 0.403590619962776 0.6855347311800915 0.7376788618923413 0.9429064138517566 0.9901010891280129 0.0 0.0 0.0 0.0 1.0
-0.008480227473960496 -0.007385233137742431 1.0 0.3007066006718365 0.7689441757043496 0.35365689373958975 0.7400621976673932 0.6496971686183919 0.9109472343860514 0.9240759599694768 0.0 0.0 0.0 0.0 1.0
-0.007720597203471783 -0.006650705702772803 1.0 0.31601785198367566 0.7732088754329203 0.35576475010367936 0.6399398640893785 0.6573735652495895 0.9368725735741118 0.893516901139023 0.0 0.0 0.0 0.0 1.0
-0.007261786431482524 -0.006664970062494177 0.9637272461919767 0.34504166741533315 0.7216220259758547 0.43423832749495705 0.8159156380600285 0.7069252597383786 0.9407909621715019 0.9719667639749754 0.0 0.0 0.0 0.0 1.0
-0.007150689364031788 -0.00661269007219683 0.994588896257515 0.3906801176288747 0.867850360724321 0.41261563339423524 0.7727964590744254 0.7148382950503134 0.9044095536665885 0.9731899251756705 0.0 0.0 0.0 0.0 1.0
-0.007424464185902808 -0.0071450754034703395 1.0 0.393804194277757 0.7589329967193844 0.43440495272501856 0.7310199752868921 0.7084600722440342 0.9467115045379692 0.9647523599423729 0.0 0.0 0.0 0.0 1.0
-0.007100442877407427 -0.005809294505883261 1.0 0.2961017176177936 0.8502049962485334 0.32606071836808687 0.7004099924970668 0.6003008021592334 0.8663367658833068 0.8630181933541133 0.0 0.0 0.0 0.0 1.0
-0.007960325832614535 -0.0065422476746741 1.0 0.30539845505699437 0.8021357441756899 0.354282565319471 0.7765297816572497 0.6382759677967161 0.960427148835138 0.871057445237081 0.0 0.0 0.0 0.0 1.0
-0.007403554416830713 -0.006598260838545745 1.0 0.2951462547329185 0.712871174439182 0.35354533789783066 0.6958381085160827 0.6844734758323326 0.9440342119669592 0.9521359403381798 0.0 0.0 0.0 0.0 1.0
-0.0066347269580718906 -0.006544863361546809 0.9929060115521356 0.32975880891285286 0.7547018251727315 0.38814218792741273 0.7033244516399189 0.703412434606036 0.9275166270558287 0.9859879890365056 0.0 0.0 0.0 0.0 1.0
-0.0070537062256311326 -0.006060651074504066 1.0 0.33982998199597486 0.8800024699377113 0.35865312396653 0.8376504005039623 0.6645291809880502 0.8588264352208368 0.9092300266052665 0.0 0.0 0.0 0.0 1.0
